13
141
2002
123456789987654321
36903960639069309360963
250679875872334594243269675468884102704684049288990744797307872738540013959540013959540013959540013959540013708860138087205419716270338490655911254855964670549269162232141221
555589749
11087493777790625554
733375668858949080614973274244
22608821098090131549232139379414200200135937731505544041946350607576834
6057316321662755559618655813
5212451519683966380
584002637256716041733078947860
103922129546808578187752337569
25789438000657518766993946241480051547418106582446
65439683696513864996642814830619893227636
674856783798408439813156824163
8108746623
745733106311241231044141118186458701499473221256907276552512974783664074371049452042234430196
